1000001 1100110 1100111 1101000 1100001 1101110 1101001 1110011 1110100 1100001 1101110 101100 1000001 1110011 1101001 1100001 101100 110011 110001 101110 111000 101100 110010 110101 110001 110111 110111 110010
1000001 1101100 1100010 1100001 1101110 1101001 1100001 101100 1000101 1110101 1110010 1101111 1110000 1100101 101100 110011 101110 110000 101100 110001 110001 110001 110000 110000
1000001 1101100 1100111 1100101 1110010 1101001 1100001 101100 1000001 1100110 1110010 1101001 1100011 1100001 101100 110011 111000 101110 110011 101100 111001 110001 111001 110101 111001 110101
1000001 1101110 1100100 1101111 1110010 1110010 1100001 101100 1000101 1110101 1110010 1101111 1110000 1100101 101100 101110 110000 111000 110101 101100 110001 111000 110001
1000001 1101110 1100111 1101111 1101100 1100001 101100 1000001 1100110 1110010 1101001 1100011 1100001 101100 110001 111001 101110 110001 101100 110100 111000 110001 110011 110101 110100
1000001 1101110 1110100 1101001 1100111 1110101 1100001 100000 1100001 1101110 1100100 100000 1000010 1100001 1110010 1100010 1110101 1100100 1100001 101100 1001110 1101111 1110010 1110100 1101000 100000 1000001 1101101 1100101 1110010 1101001 1100011 1100001 101100 101110 110000 111001 110001 101100 110001 110000 111000
1000001 1110010 1100111 1100101 1101110 1110100 1101001 1101110 1100001 101100 1010011 1101111 1110101 1110100 1101000 100000 1000001 1101101 1100101 1110010 1101001 1100011 1100001 101100 110100 110100 101110 110000 101100 110001 110000 110110 111000 110011 110000 110010
1000001 1110010 1101101 1100101 1101110 1101001 1100001 101100 1000001 1110011 1101001 1100001 101100 110011 101110 110001 101100 110001 110001 110101 110000 110110
1000001 1110101 1110011 1110100 1110010 1100001 1101100 1101001 1100001 101100 1000001 1110101 1110011 1110100 1110010 1100001 1101100 1101001 1100001 101111 1001111 1100011 1100101 1100001 1101110 1101001 1100001 101100 110010 110010 101110 110101 101100 110010 111001 110110 110111 111001 110000 111001
1000001 1110101 1110011 1110100 1110010 1101001 1100001 101100 1000101 1110101 1110010 1101111 1110000 1100101 101100 111000 101110 110010 101100 110011 110010 110011 111000 110011
1000001 1111010 1100101 1110010 1100010 1100001 1101001 1101010 1100001 1101110 101100 1000001 1110011 1101001 1100001 101100 111001 101110 110111 101100 110011 110011 110100 110011 110110
1000010 1100001 1101000 1100001 1101101 1100001 1110011 101100 1001110 1101111 1110010 1110100 1101000 100000 1000001 1101101 1100101 1110010 1101001 1100011 1100001 101100 101110 110011 110010 101100 110101 110011 110101 111000
1000010 1100001 1101000 1110010 1100001 1101001 1101110 101100 1000001 1110011 1101001 1100001 101100 110001 101110 110011 101100 110010 110101 110011
1000010 1100001 1101110 1100111 1101100 1100001 1100100 1100101 1110011 1101000 101100 1000001 1110011 1101001 1100001 101100 110001 110110 110110 101110 110011 101100 110101 110101 110101 111001 111001
1000010 1100001 1110010 1100010 1100001 1100100 1101111 1110011 101100 1001110 1101111 1110010 1110100 1101000 100000 1000001 1101101 1100101 1110010 1101001 1100011 1100001 101100 101110 110010 111001 101100 110001 110110 110111
1000010 1100101 1101100 1100001 1110010 1110101 1110011 101100 1000101 1110101 1110010 1101111 1110000 1100101 101100 111001 101110 110110 101100 111000 110000 110001 110101 110101
1000010 1100101 1101100 1100111 1101001 1110101 1101101 101100 1000101 1110101 1110010 1101111 1110000 1100101 101100 110001 110000 101110 110100 101100 110001 110001 110111 111000 110111
1000010 1100101 1101100 1101001 1111010 1100101 101100 1001110 1101111 1110010 1110100 1101000 100000 1000001 1101101 1100101 1110010 1101001 1100011 1100001 101100 101110 110011 110100 101100 111000 111000 110110 110111
1000010 1100101 1101110 1101001 1101110 101100 1000001 1100110 1110010 1101001 1100011 1100001 101100 110001 110000 101110 110010 101100 110100 110011 110100 111000 110100
1000010 1101000 1110101 1110100 1100001 1101110 101100 1000001 1110011 1101001 1100001 101100 101110 110111 110011 101100 110001 110100 111000 110010 110100
1000010 1101111 1101100 1101001 1110110 1101001 1100001 101100 1010011 1101111 1110101 1110100 1101000 100000 1000001 1101101 1100101 1110010 1101001 1100011 1100001 101100 110001 110000 101110 110110 101100 110100 110010 110100 110001 110110 110011
1000010 1101111 1110011 1101110 1101001 1100001 100000 1100001 1101110 1100100 100000 1001000 1100101 1110010 1111010 1100101 1100111 1101111 1110110 1101001 1101110 1100001 101100 1000101 1110101 1110010 1101111 1110000 1100101 101100 110011 101110 111001 101100 110001 111001 110111 110110 110111
1000010 1101111 1110100 1110011 1110111 1100001 1101110 1100001 101100 1000001 1100110 1110010 1101001 1100011 1100001 101100 110010 101110 110010 101100 110010 110010 110100 110110 110000 110110
1000010 1110010 1100001 1111010 1101001 1101100 101100 1010011 1101111 1110101 1110100 1101000 100000 1000001 1101101 1100101 1110010 1101001 1100011 1100001 101100 110010 110000 110010 101110 110111 101100 110011 110010 111000 110111 110101 111001 110111
1000010 1110010 1110101 1101110 1100101 1101001 100000 1000100 1100001 1110010 1110101 1110011 1110011 1100001 1101100 1100001 1101101 101100 1000001 1110011 1101001 1100001 101100 101110 110100 110010 101100 110010 110010 110010 110110
1000010 1110101 1101100 1100111 1100001 1110010 1101001 1100001 101100 1000101 1110101 1110010 1101111 1110000 1100101 101100 110110 101110 111001 101100 110100 110010 111000 110010 110011
1000010 1110101 1110010 1101011 1101001 1101110 1100001 100000 1000110 1100001 1110011 1101111 101100 1000001 1100110 1110010 1101001 1100011 1100001 101100 110001 111000 101110 110100 101100 110001 110000 110101 110111 111001 110010
1000010 1110101 1110010 1110101 1101110 1100100 1101001 101100 1000001 1100110 1110010 1101001 1100011 1100001 101100 110001 110000 101110 110100 101100 110001 110000 110111 110100 110101
1000011 1100001 1101101 1100010 1101111 1100100 1101001 1100001 101100 1000001 1110011 1101001 1100001 101100 110001 110101 101110 110101 101100 110110 111001 111000 111001 111000
1000011 1100001 1101101 1100101 1110010 1101111 1101111 1101110 101100 1000001 1100110 1110010 1101001 1100011 1100001 101100 110010 110011 101110 110001 101100 110001 111000 110011 110101 110110 111000
1000011 1100001 1101110 1100001 1100100 1100001 101100 1001110 1101111 1110010 1110100 1101000 100000 1000001 1101101 1100101 1110010 1101001 1100011 1100001 101100 110011 110100 101110 111000 101100 110011 111000 110101 110101 110000 110000 110000
1000011 1100001 1110000 1100101 100000 1010110 1100101 1110010 1100100 1100101 101100 1000001 1100110 1110010 1101001 1100011 1100001 101100 101110 110101 110100 101100 110001 110101 110101 110111
1000011 1100101 1101110 1110100 1110010 1100001 1101100 100000 1000001 1100110 1110010 1101001 1100011 1100001 1101110 100000 1010010 1100101 1110000 1110101 1100010 1101100 1101001 1100011 101100 1000001 1100110 1110010 1101001 1100011 1100001 101100 110101 101110 110011 101100 110010 110100 110000 110101 110011 110100
1000011 1101000 1100001 1100100 101100 1000001 1100110 1110010 1101001 1100011 1100001 101100 110001 110001 101110 110100 101100 110100 111001 110101 110111 110101 110011
1000011 1101000 1101001 1101100 1100101 101100 1010011 1101111 1110101 1110100 1101000 100000 1000001 1101101 1100101 1110010 1101001 1100011 1100001 101100 110001 110111 101110 110100 101100 110010 111001 110010 110001 111000 110011
1000011 1101000 1101001 1101110 1100001 101100 1000001 1110011 1101001 1100001 101100 110001 110011 110101 110101 101110 110111 101100 110011 110110 111001 110110 110001 110000 110000
1000011 1101111 1101100 1101111 1101101 1100010 1101001 1100001 101100 1010011 1101111 1110101 1110100 1101000 100000 1000001 1101101 1100101 1110010 1101001 1100011 1100001 101100 110100 110110 101110 110010 101100 110100 110100 110000 111000 110011 111001
1000011 1101111 1101101 1101111 1110010 1101111 1110011 101100 1000001 1100110 1110010 1101001 1100011 1100001 101100 101110 110111 110111 101100 111000 110110 110011
1000011 1101111 1110011 1110100 1100001 100000 1010010 1101001 1100011 1100001 101100 1001110 1101111 1110010 1110100 1101000 100000 1000001 1101101 1100101 1110010 1101001 1100011 1100001 101100 110100 101110 111000 101100 110001 111001 110111 110011 110000
1000011 1101111 1110100 1100101 100000 1000100 100111 1001001 1110110 1101111 1101001 1110010 1100101 101100 1000001 1100110 1110010 1101001 1100011 1100001 101100 110010 110010 101110 111000 101100 110001 110010 110100 110101 110000 110010
1000011 1110010 1101111 1100001 1110100 1101001 1100001 101100 1000101 1110101 1110010 1101111 1110000 1100101 101100 110100 101110 110101 101100 110010 110001 111000 110011 110001
1000011 1110101 1100010 1100001 101100 1001110 1101111 1110010 1110100 1101000 100000 1000001 1101101 1100101 1110010 1101001 1100011 1100001 101100 110001 110001 101110 110000 101100 110100 110010 111000 110000 110011
1000011 1111001 1110000 1110010 1110101 1110011 101100 1000001 1110011 1101001 1100001 101100 110001 101110 110010 101100 110011 110101 110111 110010
1000011 1111010 1100101 1100011 1101000 100000 1010010 1100101 1110000 1110101 1100010 1101100 1101001 1100011 101100 1000101 1110101 1110010 1101111 1110000 1100101 101100 110001 110000 101110 110110 101100 110011 110000 110100 110101 110000
1000100 1100101 1101101 1101111 1100011 1110010 1100001 1110100 1101001 1100011 100000 1010000 1100101 1101111 1110000 1101100 1100101 100111 1110011 100000 1010010 1100101 1110000 1110101 1100010 1101100 1101001 1100011 100000 1101111 1100110 100000 1001011 1101111 1110010 1100101 1100001 101100 1000001 1110011 1101001 1100001 101100 110010 110100 101110 111001 101100 110100 110110 110101 110010 111000
1000100 1100101 1101101 1101111 1100011 1110010 1100001 1110100 1101001 1100011 100000 1010010 1100101 1110000 1110101 1100010 1101100 1101001 1100011 100000 1101111 1100110 100000 1110100 1101000 1100101 100000 1000011 1101111 1101110 1100111 1101111 101100 1000001 1100110 1110010 1101001 1100011 1100001 101100 110111 110111 101110 110100 101100 111001 110000 110101 110011 110101 110101
1000100 1100101 1101110 1101101 1100001 1110010 1101011 101100 1000101 1110101 1110010 1101111 1110000 1100101 101100 110101 101110 110110 101100 110001 110110 110110 110100 110000
1000100 1101010 1101001 1100010 1101111 1110101 1110100 1101001 101100 1000001 1100110 1110010 1101001 1100011 1100001 101100 101110 111000 110001 101100 111000 111001 110101 111000
1000100 1101111 1101101 1101001 1101110 1101001 1100011 1100001 101100 1001110 1101111 1110010 1110100 1101000 100000 1000001 1101101 1100101 1110010 1101001 1100011 1100001 101100 101110 110000 110111 110011 101100 110010 111001 110000
1000100 1101111 1101101 1101001 1101110 1101001 1100011 1100001 1101110 100000 1010010 1100101 1110000 1110101 1100010 1101100 1101001 1100011 101100 1001110 1101111 1110010 1110100 1101000 100000 1000001 1101101 1100101 1110010 1101001 1100011 1100001 101100 110001 110000 101110 110100 101100 110001 111000 110111 110000 110100
1000101 1100011 1110101 1100001 1100100 1101111 1110010 101100 1010011 1101111 1110101 1110100 1101000 100000 1000001 1101101 1100101 1110010 1101001 1100011 1100001 101100 110001 110100 101110 110000 101100 111001 111000 111001 111000 110101
1000101 1100111 1111001 1110000 1110100 101100 1000001 1100110 1110010 1101001 1100011 1100001 101100 111000 110110 101110 111001 101100 110011 111000 110111 110000 110100 111000
1000101 1101100 100000 1010011 1100001 1101100 1110110 1100001 1100100 1101111 1110010 101100 1001110 1101111 1110010 1110100 1101000 100000 1000001 1101101 1100101 1110010 1101001 1100011 1100001 101100 110110 101110 110010 101100 111000 110001 110010 110100
1000101 1110001 1110101 1100001 1110100 1101111 1110010 1101001 1100001 1101100 100000 1000111 1110101 1101001 1101110 1100101 1100001 101100 1000001 1100110 1110010 1101001 1100011 1100001 101100 101110 110111 110010 101100 110001 110000 111000 110010 111000
1000101 1110010 1101001 1110100 1110010 1100101 1100001 101100 1000001 1100110 1110010 1101001 1100011 1100001 101100 110110 101110 110011 101100 110100 110101 110100 110000 110101
1000101 1110011 1110100 1101111 1101110 1101001 1100001 101100 1000101 1110101 1110010 1101111 1110000 1100101 101100 110001 101110 110011 101100 110001 110111 110100 110001 110011
1000101 1110100 1101000 1101001 1101111 1110000 1101001 1100001 101100 1000001 1100110 1110010 1101001 1100011 1100001 101100 111001 110110 101110 110110 101100 110100 110010 110110 110011 110111 110001
1000110 1101001 1101010 1101001 101100 1000001 1110101 1110011 1110100 1110010 1100001 1101100 1101001 1100001 101111 1001111 1100011 1100101 1100001 1101110 1101001 1100001 101100 101110 111001 110000 101100 110111 110000 110101 110110
1000110 1101001 1101110 1101100 1100001 1101110 1100100 101100 1000101 1110101 1110010 1101111 1110000 1100101 101100 110101 101110 110011 101100 110001 110011 110000 110101 111001 110110
1000110 1110010 1100001 1101110 1100011 1100101 101100 1000101 1110101 1110010 1101111 1110000 1100101 101100 110110 110110 101110 110011 101100 110010 110001 110001 110010 110000 111001
1000111 1100001 1100010 1101111 1101110 101100 1000001 1100110 1110010 1101001 1100011 1100001 101100 110001 101110 110111 101100 110001 110000 110011 110011 110100 110111
1000111 1100001 1101101 1100010 1101001 1100001 101100 1000001 1100110 1110010 1101001 1100011 1100001 101100 110001 101110 111001 101100 110100 110000 110000 110111
1000111 1100101 1101111 1110010 1100111 1101001 1100001 101100 1000001 1110011 1101001 1100001 101100 110100 101110 111001 101100 110010 110110 111001 110001 110110
1000111 1100101 1110010 1101101 1100001 1101110 1111001 101100 1000101 1110101 1110010 1101111 1110000 1100101 101100 111000 110001 101110 110000 101100 110001 110011 110111 111000 110100 110111
1000111 1101000 1100001 1101110 1100001 101100 1000001 1100110 1110010 1101001 1100011 1100001 101100 110010 110101 101110 111000 101100 111001 110010 110000 111001 111000
1000111 1110010 1100101 1100101 1100011 1100101 101100 1000101 1110101 1110010 1101111 1110000 1100101 101100 110001 110001 101110 111000 101100 110101 110000 111001 110100 110100
1000111 1110010 1100101 1101110 1100001 1100100 1100001 101100 1001110 1101111 1110010 1110100 1101000 100000 1000001 1101101 1100101 1110010 1101001 1100011 1100001 101100 101110 110001 110001 101100 110001 110011 110010
1000111 1110101 1100001 1110100 1100101 1101101 1100001 1101100 1100001 101100 1001110 1101111 1110010 1110100 1101000 100000 1000001 1101101 1100101 1110010 1101001 1100011 1100001 101100 110001 110100 101110 110111 101100 110100 110010 110000 110100 110010
1000111 1110101 1101001 1101110 1100101 1100001 101100 1000001 1100110 1110010 1101001 1100011 1100001 101100 110001 110001 101110 110101 101100 111001 110100 111001 110010 110110
1000111 1110101 1101001 1101110 1100101 1100001 100000 1000010 1101001 1110011 1110011 1100001 1110101 101100 1000001 1100110 1110010 1101001 1100011 1100001 101100 110001 101110 110111 101100 110001 110011 111001 110100 111000
1000111 1110101 1111001 1100001 1101110 1100001 101100 1010011 1101111 1110101 1110100 1101000 100000 1000001 1101101 1100101 1110010 1101001 1100011 1100001 101100 101110 110111 110100 101100 111000 110011 110000 110000 110000
1001000 1100001 1101001 1110100 1101001 101100 1001110 1101111 1110010 1110100 1101000 100000 1000001 1101101 1100101 1110010 1101001 1100011 1100001 101100 110001 110000 101110 110010 101100 110001 110000 110111 110001 110100
1001000 1101111 1101110 1100100 1110101 1110010 1100001 1110011 101100 1001110 1101111 1110010 1110100 1101000 100000 1000001 1101101 1100101 1110010 1101001 1100011 1100001 101100 111000 101110 110110 101100 110100 110011 110010 110111 111000
1001000 1110101 1101110 1100111 1100001 1110010 1111001 101100 1000101 1110101 1110010 1101111 1110000 1100101 101100 110001 110000 101110 110000 101100 110011 110101 111001 110001 111001
1001001 1100011 1100101 1101100 1100001 1101110 1100100 101100 1000101 1110101 1110010 1101111 1110000 1100101 101100 101110 110011 110010 101100 110011 111001 110111 110111 110000
1001001 1101110 1100100 1101001 1100001 101100 1000001 1110011 1101001 1100001 101100 110001 110010 110011 110110 101110 110011 101100 110001 110010 110110 111001 110010 110001 110000
1001001 1101110 1100100 1101111 1101110 1100101 1110011 1101001 1100001 101100 1000001 1110011 1101001 1100001 101100 110010 110101 110011 101110 110110 101100 110111 110011 110101 110011 110101 110101
1001001 1110010 1100001 1101110 101100 1000001 1110011 1101001 1100001 101100 111000 110000 101110 111000 101100 110110 110011 110110 110011 110111 110010
1001001 1110010 1100001 1110001 101100 1000001 1110011 1101001 1100001 101100 110011 110010 101110 110110 101100 110001 110110 111001 110010 110011 110100
1001001 1110010 1100101 1101100 1100001 1101110 1100100 101100 1000101 1110101 1110010 1101111 1110000 1100101 101100 110100 101110 111000 101100 110011 110001 110101 110010 110000
1001001 1110011 1110010 1100001 1100101 1101100 101100 1000001 1110011 1101001 1100001 101100 110111 101110 111000 101100 111000 110000 110001 111001
1001001 1110100 1100001 1101100 1111001 101100 1000101 1110101 1110010 1101111 1110000 1100101 101100 110110 110001 101110 110111 101100 110001 110001 110110 110011 110100 110110
1001010 1100001 1101101 1100001 1101001 1100011 1100001 101100 1001110 1101111 1110010 1110100 1101000 100000 1000001 1101101 1100101 1110010 1101001 1100011 1100001 101100 110010 101110 111001 101100 110100 110100 110100 110100
1001010 1100001 1110000 1100001 1101110 101100 1000001 1110011 1101001 1100001 101100 110001 110010 110111 101110 110001 101100 110001 110100 110101 111000 111000 110011
1001010 1101111 1110010 1100100 1100001 1101110 101100 1000001 1110011 1101001 1100001 101100 110111 101110 111001 101100 110100 110101 110100 111001 110101
1001011 1100001 1111010 1100001 1101011 1101000 1110011 1110100 1100001 1101110 101100 1000001 1110011 1101001 1100001 101100 110001 111000 101110 110000 101100 110001 110000 110101 110010 110000 111000 110101
1001011 1100101 1101110 1111001 1100001 101100 1000001 1100110 1110010 1101001 1100011 1100001 101100 110100 110101 101110 110000 101100 110010 110010 110100 110000 111000 110000
1001011 1101001 1110010 1101001 1100010 1100001 1110100 1101001 101100 1000001 1110101 1110011 1110100 1110010 1100001 1101100 1101001 1100001 101111 1001111 1100011 1100101 1100001 1101110 1101001 1100001 101100 101110 110001 110000 101100 110010 111000 110000
1001011 1110101 1110111 1100001 1101001 1110100 101100 1000001 1110011 1101001 1100001 101100 110010 101110 110111 101100 110110 111000 111000 110000
1001011 1111001 1110010 1100111 1111001 1111010 1110011 1110100 1100001 1101110 101100 1000001 1110011 1101001 1100001 101100 110101 101110 110110 101100 110111 110111 110001 111000 110001
1001100 1100001 1101111 100000 1010000 1100101 1101111 1110000 1101100 1100101 100111 1110011 100000 1000100 1100101 1101101 1101111 1100011 1110010 1100001 1110100 1101001 1100011 100000 1010010 1100101 1110000 1110101 1100010 1101100 1101001 1100011 101100 1000001 1110011 1101001 1100001 101100 110110 101110 111000 101100 111001 110001 110100 110010 111001
1001100 1100001 1110100 1110110 1101001 1100001 101100 1000101 1110101 1110010 1101111 1110000 1100101 101100 110010 101110 110010 101100 110010 110100 111001 110011 111000
1001100 1100101 1100010 1100001 1101110 1101111 1101110 101100 1000001 1110011 1101001 1100001 101100 110101 101110 111001 101100 110100 110000 110011 110101
1001100 1100101 1110011 1101111 1110100 1101000 1101111 101100 1000001 1100110 1110010 1101001 1100011 1100001 101100 110001 101110 111001 101100 110001 110010 110111 110010 110111
1001100 1101001 1100010 1100101 1110010 1101001 1100001 101100 1000001 1100110 1110010 1101001 1100011 1100001 101100 110100 101110 110001 101100 110100 110011 110000 110000 110000
1001100 1101001 1100010 1111001 1100001 1101110 100000 1000001 1110010 1100001 1100010 100000 1001010 1100001 1101101 1100001 1101000 1101001 1110010 1101001 1111001 1100001 101100 1000001 1100110 1110010 1101001 1100011 1100001 101100 110110 101110 110010 101100 110110 110111 111001 110011 110101 111001
1001100 1101001 1100101 1100011 1101000 1110100 1100101 1101110 1110011 1110100 1100101 1101001 1101110 101100 1000101 1110101 1110010 1101111 1110000 1100101 101100 101110 110000 110011 110111 101100 110110 110010
1001100 1101001 1110100 1101000 1110101 1100001 1101110 1101001 1100001 101100 1000101 1110101 1110010 1101111 1110000 1100101 101100 110011 101110 110101 101100 110010 110101 110001 110111 110011
1001100 1110101 1111000 1100101 1101101 1100010 1101111 1110101 1110010 1100111 101100 1000101 1110101 1110010 1101111 1110000 1100101 101100 101110 110101 110010 101100 111001 111001 111000
1001101 1100001 1100100 1100001 1100111 1100001 1110011 1100011 1100001 1110010 101100 1000001 1100110 1110010 1101001 1100011 1100001 101100 110010 110011 101110 110010 101100 110010 110010 110110 110101 111001 110111
1001101 1100001 1101100 1100001 1110111 1101001 101100 1000001 1100110 1110010 1101001 1100011 1100001 101100 110001 110111 101110 110100 101100 110100 110101 110111 110100 110111
1001101 1100001 1101100 1100001 1111001 1110011 1101001 1100001 101100 1000001 1110011 1101001 1100001 101100 110011 110000 101110 110001 101100 110001 110010 110111 110011 110101 110101
1001101 1100001 1101100 1100100 1101001 1110110 1100101 1110011 101100 1000001 1110011 1101001 1100001 101100 101110 110011 111001 101100 110001 110001 110101
1001101 1100001 1101100 1101001 101100 1000001 1100110 1110010 1101001 1100011 1100001 101100 110001 110110 101110 110101 101100 110100 110111 111000 111000 110011 111001
1001101 1100001 1101100 1110100 1100001 101100 1000101 1110101 1110010 1101111 1110000 1100101 101100 101110 110100 110001 101100 110001 110010 110001
1001101 1100001 1110010 1110011 1101000 1100001 1101100 1101100 100000 1001001 1110011 1101100 1100001 1101110 1100100 1110011 101100 1000001 1110101 1110011 1110100 1110010 1100001 1101100 1101001 1100001 101111 1001111 1100011 1100101 1100001 1101110 1101001 1100001 101100 101110 110000 110111 110001 101100 110110 111001
1001101 1100001 1110101 1110010 1101001 1110100 1100001 1101110 1101001 1100001 101100 1000001 1100110 1110010 1101001 1100011 1100001 101100 110011 101110 110101 101100 110011 111001 110111 111001 110101 110100
1001101 1100001 1110101 1110010 1101001 1110100 1101001 1110101 1110011 101100 1000001 1100110 1110010 1101001 1100011 1100001 101100 110001 101110 110011 101100 110111 111000 110111
1001101 1100101 1111000 1101001 1100011 1101111 101100 1001110 1101111 1110010 1110100 1101000 100000 1000001 1101101 1100101 1110010 1101001 1100011 1100001 101100 110001 110010 110000 101110 110011 101100 110111 110110 110001 110110 110000 110110
1001101 1101001 1100011 1110010 1101111 1101110 1100101 1110011 1101001 1100001 101100 1000001 1110101 1110011 1110100 1110010 1100001 1101100 1101001 1100001 101111 1001111 1100011 1100101 1100001 1101110 1101001 1100001 101100 101110 110001 110001 101100 110010 110111 110001
1001101 1101111 1101110 1100001 1100011 1101111 101100 1000101 1110101 1110010 1101111 1110000 1100101 101100 101110 110000 110011 110001 101100 110000 101110 110111 110110
1001101 1101111 1101110 1100111 1101111 1101100 1101001 1100001 101100 1000001 1110011 1101001 1100001 101100 110011 101110 110000 101100 110110 110000 110011 111001 110000 111001
1001101 1101111 1101110 1110100 1100101 1101110 1100101 1100111 1110010 1101111 101100 1000101 1110101 1110010 1101111 1110000 1100101 101100 101110 110110 110101 101100 110101 110000 110001 111001
1001101 1101111 1110010 1101111 1100011 1100011 1101111 101100 1000001 1100110 1110010 1101001 1100011 1100001 101100 110011 110011 101110 110000 101100 110001 110111 110010 110100 110001 110100
1001101 1101111 1111010 1100001 1101101 1100010 1101001 1110001 1110101 1100101 101100 1000001 1100110 1110010 1101001 1100011 1100001 101100 110010 110100 101110 110111 101100 110011 110000 111001 110100 111001 110110
1001101 1111001 1100001 1101110 1101101 1100001 1110010 101100 1000001 1110011 1101001 1100001 101100 110101 110101 101110 110111 101100 110010 110110 110001 110010 110010 110111
1001110 1100001 1101101 1101001 1100010 1101001 1100001 101100 1000001 1100110 1110010 1101001 1100011 1100001 101100 110010 101110 110010 101100 110011 110001 111000 110110 111001 110110
1001110 1100001 1110101 1110010 1110101 101100 1000001 1110101 1110011 1110100 1110010 1100001 1101100 1101001 1100001 101111 1001111 1100011 1100101 1100001 1101110 1101001 1100001 101100 101110 110000 110000 111001 110101 101100 111000
1001110 1100101 1110000 1100001 1101100 101100 1000001 1110011 1101001 1100001 101100 110011 110001 101110 110000 101100 110101 110110 111000 110010 110111
1001110 1100101 1110100 1101000 1100101 1110010 1101100 1100001 1101110 1100100 1110011 101100 1000101 1110101 1110010 1101111 1110000 1100101 101100 110001 110110 101110 110101 111001 101100 110001 110110 110000 110011 110011
1001110 1100101 1110111 100000 1011010 1100101 1100001 1101100 1100001 1101110 1100100 101100 1000001 1110101 1110011 1110100 1110010 1100001 1101100 1101001 1100001 101111 1001111 1100011 1100101 1100001 1101110 1101001 1100001 101100 110100 101110 110100 101100 110001 110000 110011 110111 110011 111000
1001110 1101001 1100011 1100001 1110010 1100001 1100111 1110101 1100001 101100 1001110 1101111 1110010 1110100 1101000 100000 1000001 1101101 1100101 1110010 1101001 1100011 1100001 101100 110110 101110 110001 101100 110101 110000 110001 111001 110011
1001110 1101001 1100111 1100101 1110010 101100 1000001 1100110 1110010 1101001 1100011 1100001 101100 110001 110111 101110 110101 101100 110100 111000 111001 110110 110111 111000
1001110 1101001 1100111 1100101 1110010 1101001 1100001 101100 1000001 1100110 1110010 1101001 1100011 1100001 101100 110001 110111 110111 101110 110010 101100 110011 110101 110110 110110 110110 111001
1001110 1101111 1110010 1110111 1100001 1111001 101100 1000101 1110101 1110010 1101111 1110000 1100101 101100 110101 101110 110001 101100 110001 110100 111000 110111 110100 110110
1001111 1101101 1100001 1101110 101100 1000001 1110011 1101001 1100001 101100 110011 101110 110010 101100 110001 110001 111001 110100 111001 111000
1010000 1100001 1101011 1101001 1110011 1110100 1100001 1101110 101100 1000001 1110011 1101001 1100001 101100 110001 111001 110110 101110 110010 101100 110011 110001 110000 110100 110000 110011
1010000 1100001 1101100 1100001 1110101 101100 1000001 1110101 1110011 1110100 1110010 1100001 1101100 1101001 1100001 101111 1001111 1100011 1100101 1100001 1101110 1101001 1100001 101100 101110 110000 110010 110001 101100 110001 110111 110111
1010000 1100001 1101110 1100001 1101101 1100001 101100 1001110 1101111 1110010 1110100 1101000 100000 1000001 1101101 1100101 1110010 1101001 1100011 1100001 101100 110011 101110 110110 101100 110010 111001 110001 110101 110111
1010000 1100001 1110000 1110101 1100001 100000 1001110 1100101 1110111 100000 1000111 1110101 1101001 1101110 1100101 1100001 101100 1000001 1110101 1110011 1110100 1110010 1100001 1101100 1101001 1100001 101111 1001111 1100011 1100101 1100001 1101110 1101001 1100001 101100 110110 101110 110110 101100 110001 110111 111000 110111 110000 110011
1010000 1100001 1110010 1100001 1100111 1110101 1100001 1111001 101100 1010011 1101111 1110101 1110100 1101000 100000 1000001 1101101 1100101 1110010 1101001 1100011 1100001 101100 110110 101110 110111 101100 110001 110101 110111 110000 110100 111000
1010000 1100101 1110010 1110101 101100 1010011 1101111 1110101 1110100 1101000 100000 1000001 1101101 1100101 1110010 1101001 1100011 1100001 101100 110011 110000 101110 110001 101100 110100 111001 110110 110010 110010 110110
1010000 1101000 1101001 1101100 1101001 1110000 1110000 1101001 1101110 1100101 1110011 101100 1000001 1110011 1101001 1100001 101100 110001 110000 110111 101110 110111 101100 110001 110001 110101 111000 110011 110001
1010000 1101111 1101100 1100001 1101110 1100100 101100 1000101 1110101 1110010 1101111 1110000 1100101 101100 110011 111000 101110 110011 101100 110001 110010 110000 110111 110010 110110
1010000 1101111 1110010 1110100 1110101 1100111 1100001 1101100 101100 1000101 1110101 1110010 1101111 1110000 1100101 101100 110001 110000 101110 111001 101100 110011 110101 110110 110100 110101
1010001 1100001 1110100 1100001 1110010 101100 1000001 1110011 1101001 1100001 101100 110010 101110 110001 101100 110100 110100 110001 110110
1010010 1100101 1110000 1110101 1100010 1101100 1101001 1100011 100000 1101111 1100110 100000 1001011 1101111 1110010 1100101 1100001 101100 1000001 1110011 1101001 1100001 101100 110100 111001 101110 110000 101100 110011 111000 110110 110010 110010
1010010 1100101 1110000 1110101 1100010 1101100 1101001 1100011 100000 1101111 1100110 100000 1001101 1101111 1101100 1100100 1101111 1110110 1100001 101100 1000101 1110101 1110010 1101111 1110000 1100101 101100 110011 101110 110110 101100 110001 110011 110000 110110 110111
1010010 1100101 1110000 1110101 1100010 1101100 1101001 1100011 100000 1101111 1100110 100000 1110100 1101000 1100101 100000 1000011 1101111 1101110 1100111 1101111 101100 1000001 1100110 1110010 1101001 1100011 1100001 101100 110100 101110 110111 101100 110001 110011 110010 110000 110100 110111
1010010 1101111 1101101 1100001 1101110 1101001 1100001 101100 1000101 1110101 1110010 1101111 1110000 1100101 101100 110010 110001 101110 110111 101100 111001 110010 110000 110100 110011
1010010 1110101 1110011 1110011 1101001 1100001 1101110 100000 1000110 1100101 1100100 1100101 1110010 1100001 1110100 1101001 1101111 1101110 101100 1000101 1110101 1110010 1101111 1110000 1100101 101100 110001 110100 110010 101110 110101 101100 110110 110101 111001 110010 111000 110000 110000
1010010 1110111 1100001 1101110 1100100 1100001 101100 1000001 1100110 1110010 1101001 1100011 1100001 101100 110001 110010 101110 110011 101100 110001 110000 110001 110110 111001
1010011 1100001 1101001 1101110 1110100 100000 1001011 1101001 1110100 1110100 1110011 100000 1100001 1101110 1100100 100000 1001110 1100101 1110110 1101001 1110011 101100 1001110 1101111 1110010 1110100 1101000 100000 1000001 1101101 1100101 1110010 1101001 1100011 1100001 101100 101110 110000 110101 110010 101100 110001 110000 110001
1010011 1100001 1101001 1101110 1110100 100000 1001100 1110101 1100011 1101001 1100001 101100 1001110 1101111 1110010 1110100 1101000 100000 1000001 1101101 1100101 1110010 1101001 1100011 1100001 101100 101110 110001 110110 101100 110010 110011 111001
1010011 1100001 1101001 1101110 1110100 100000 1010110 1101001 1101110 1100011 1100101 1101110 1110100 100000 1100001 1101110 1100100 100000 1110100 1101000 1100101 100000 1000111 1110010 1100101 1101110 1100001 1100100 1101001 1101110 1100101 1110011 101100 1001110 1101111 1110010 1110100 1101000 100000 1000001 1101101 1100101 1110010 1101001 1100011 1100001 101100 101110 110001 110000 101100 110001 110101 110000
1010011 1100001 1101101 1101111 1100001 101100 1000001 1110101 1110011 1110100 1110010 1100001 1101100 1101001 1100001 101111 1001111 1100011 1100101 1100001 1101110 1101001 1100001 101100 101110 110010 110000 101100 110001 110000 111001 110011
1010011 1100001 1101110 100000 1001101 1100001 1110010 1101001 1101110 1101111 101100 1000101 1110101 1110010 1101111 1110000 1100101 101100 101110 110000 110011 110011 101100 110010 110011 101110 110101
1010011 1100001 1101111 100000 1010100 1101111 1101101 1100101 100000 1100001 1101110 1100100 100000 1010000 1110010 1101001 1101110 1100011 1101001 1110000 1100101 101100 1000001 1100110 1110010 1101001 1100011 1100001 101100 101110 110001 111001 101100 110011 110111 110010
1010011 1100001 1110101 1100100 1101001 100000 1000001 1110010 1100001 1100010 1101001 1100001 101100 1000001 1110011 1101001 1100001 101100 110010 110111 101110 110011 101100 111000 110010 111001 111001 111001 110110
1010011 1100101 1101110 1100101 1100111 1100001 1101100 101100 1000001 1100110 1110010 1101001 1100011 1100001 101100 110001 110011 101110 110110 101100 110111 110110 110000 110000 110000
1010011 1100101 1110010 1100010 1101001 1100001 101100 1000101 1110101 1110010 1101111 1110000 1100101 101100 110111 101110 110010 101100 110011 110100 110001 110001 110110
1010011 1100101 1111001 1100011 1101000 1100101 1101100 1101100 1100101 1110011 101100 1000001 1100110 1110010 1101001 1100011 1100001 101100 101110 110000 111001 110010 101100 110001 110111 110100
1010011 1101001 1100101 1110010 1110010 1100001 100000 1001100 1100101 1101111 1101110 1100101 101100 1000001 1100110 1110010 1101001 1100011 1100001 101100 110101 101110 110111 101100 110010 110111 110110 111001 111001
1010011 1101001 1101110 1100111 1100001 1110000 1101111 1110010 1100101 101100 1000001 1110011 1101001 1100001 101100 110101 101110 110110 101100 110010 110111 110100 101110 110010
1010011 1101100 1101111 1110110 1100001 1101011 1101001 1100001 101100 1000101 1110101 1110010 1101111 1110000 1100101 101100 110101 101110 110100 101100 110001 111000 111001 110011 110010
1010011 1101100 1101111 1110110 1100101 1101110 1101001 1100001 101100 1000101 1110101 1110010 1101111 1110000 1100101 101100 110010 101110 110000 101100 110111 111000 110010 110111
1010011 1101111 1101100 1101111 1101101 1101111 1101110 100000 1001001 1110011 1101100 1100001 1101110 1100100 1110011 101100 1000001 1110101 1110011 1110100 1110010 1100001 1101100 1101001 1100001 101111 1001111 1100011 1100101 1100001 1101110 1101001 1100001 101100 101110 110110 110001 101100 110100 110011
1010011 1101111 1101101 1100001 1101100 1101001 1100001 101100 1000001 1100110 1110010 1101001 1100011 1100001 101100 110001 110000 101110 110100 101100 110010 110100 110110 110010 110000 110001
1010011 1101111 1110101 1110100 1101000 100000 1000001 1100110 1110010 1101001 1100011 1100001 101100 1000001 1100110 1110010 1101001 1100011 1100001 101100 110100 111000 101110 110100 101100 110100 110111 110001 110100 110100 110011
1010011 1101111 1110101 1110100 1101000 100000 1010011 1110101 1100100 1100001 1101110 101100 1000001 1100110 1110010 1101001 1100011 1100001 101100 110001 110001 101110 110110 101100 110010 110011 111001 110010 111000 110101
1010011 1110000 1100001 1101001 1101110 101100 1000101 1110101 1110010 1101111 1110000 1100101 101100 110100 110111 101110 110111 101100 110001 111001 110101 110011 110110 110100
1010011 1110010 1101001 100000 1001100 1100001 1101110 1101011 1100001 101100 1000001 1110011 1101001 1100001 101100 110010 110010 101110 111001 101100 110010 110101 110011 110011 110010
1010011 1110101 1100100 1100001 1101110 101100 1000001 1100110 1110010 1101001 1100011 1100001 101100 110011 110101 101110 110101 101100 111001 110110 110111 110100 111001 110101
1010011 1110101 1110010 1101001 1101110 1100001 1101101 1100101 101100 1010011 1101111 1110101 1110100 1101000 100000 1000001 1101101 1100101 1110010 1101001 1100011 1100001 101100 101110 110101 110111 101100 110110 110011 110010 110101 110001
1010011 1110111 1100001 1111010 1101001 1101100 1100001 1101110 1100100 101100 1000001 1100110 1110010 1101001 1100011 1100001 101100 110001 101110 110100 101100 110110 110111 110000 110100
1010011 1110111 1100101 1100100 1100101 1101110 101100 1000101 1110101 1110010 1101111 1110000 1100101 101100 111001 101110 110111 101100 110001 110111 110011 110111 110011 110010
1010011 1110111 1101001 1110100 1111010 1100101 1110010 1101100 1100001 1101110 1100100 101100 1000101 1110101 1110010 1101111 1110000 1100101 101100 111000 101110 110001 101100 110001 110101 111001 110100 110000
1010011 1111001 1110010 1101001 1100001 1101110 100000 1000001 1110010 1100001 1100010 100000 1010010 1100101 1110000 1110101 1100010 1101100 1101001 1100011 101100 1000001 1110011 1101001 1100001 101100 110001 111000 101110 110000 101100 110111 110001 110100 110111 111001
1010100 1100001 1101010 1101001 1101011 1101001 1110011 1110100 1100001 1101110 101100 1000001 1110011 1101001 1100001 101100 111000 101110 110001 101100 110101 110101 110010 110101 110001
1010100 1101000 1100001 1101001 1101100 1100001 1101110 1100100 101100 1000001 1110011 1101001 1100001 101100 110110 110111 101110 110111 101100 110001 111001 111000 110001 110001 110101
1010100 1101000 1100101 100000 1100110 1101111 1110010 1101101 1100101 1110010 100000 1011001 1110101 1100111 1101111 1110011 1101100 1100001 1110110 100000 1010010 1100101 1110000 1110101 1100010 1101100 1101001 1100011 100000 1101111 1100110 100000 1001101 1100001 1100011 1100101 1100100 1101111 1101110 1101001 1100001 101100 1000101 1110101 1110010 1101111 1110000 1100101 101100 110010 101110 110001 101100 110010 110000 110101
1010100 1101001 1101101 1101111 1110010 101101 1001100 1100101 1110011 1110100 1100101 101100 1000001 1110011 1101001 1100001 101100 110001 101110 110010 101100 110101 110111 110100 110011
1010100 1101111 1100111 1101111 101100 1000001 1100110 1110010 1101001 1100011 1100001 101100 110111 101110 110100 101100 110010 110001 111001 110010 110101
1010100 1101111 1101110 1100111 1100001 101100 1000001 1110101 1110011 1110100 1110010 1100001 1101100 1101001 1100001 101111 1001111 1100011 1100101 1100001 1101110 1101001 1100001 101100 101110 110001 110001 101100 110010 111000 111001
1010100 1110010 1101001 1101110 1101001 1100100 1100001 1100100 100000 1100001 1101110 1100100 100000 1010100 1101111 1100010 1100001 1100111 1101111 101100 1001110 1101111 1110010 1110100 1101000 100000 1000001 1101101 1100101 1110010 1101001 1100011 1100001 101100 110001 101110 110010 101100 110001 111001 110111 111000
1010100 1110101 1101110 1101001 1110011 1101001 1100001 101100 1000001 1100110 1110010 1101001 1100011 1100001 101100 110001 110000 101110 111001 101100 110110 110011 110001 110111 110000
1010100 1110101 1110010 1101011 1100101 1111001 101100 1000001 1110011 1101001 1100001 101100 111000 110001 101110 110110 101100 110011 110000 110010 110101 110011 110101
1010100 1110101 1110010 1101011 1101101 1100101 1101110 1101001 1110011 1110100 1100001 1101110 101100 1000001 1110011 1101001 1100001 101100 110101 101110 110001 101100 110001 111000 111000 110100 110101 110110
1010100 1110101 1110110 1100001 1101100 1110101 101100 1000001 1110101 1110011 1110100 1110010 1100001 1101100 1101001 1100001 101111 1001111 1100011 1100101 1100001 1101110 1101001 1100001 101100 101110 110000 110001 110001 101100 110001 110000
1010101 1100111 1100001 1101110 1100100 1100001 101100 1000001 1100110 1110010 1101001 1100011 1100001 101100 110011 110101 101110 111001 101100 111001 110001 110001 110011 110110
1010101 1101011 1110010 1100001 1101001 1101110 1100101 101100 1000101 1110101 1110010 1101111 1110000 1100101 101100 110100 110100 101110 110011 101100 110010 110011 110011 110000 111001 110000
1010101 1101110 1101001 1110100 1100101 1100100 100000 1000001 1110010 1100001 1100010 100000 1000101 1101101 1101001 1110010 1100001 1110100 1100101 1110011 101100 1000001 1110011 1101001 1100001 101100 110101 101110 110110 101100 110011 110010 110010 110111 111000
1010101 1101110 1101001 1110100 1100101 1100100 100000 1001011 1101001 1101110 1100111 1100100 1101111 1101101 101100 1000101 1110101 1110010 1101111 1110000 1100101 101100 110110 110110 101110 110111 101100 111001 110100 110101 110010 110110
1010101 1101110 1101001 1110100 1100101 1100100 100000 1010010 1100101 1110000 1110101 1100010 1101100 1101001 1100011 100000 1101111 1100110 100000 1010100 1100001 1101110 1111010 1100001 1101110 1101001 1100001 101100 1000001 1100110 1110010 1101001 1100011 1100001 101100 110101 110000 101110 110000 101100 110011 110110 110100 111000 111001 111000
1010101 1101110 1101001 1110100 1100101 1100100 100000 1010011 1110100 1100001 1110100 1100101 1110011 101100 1001110 1101111 1110010 1110100 1101000 100000 1000001 1101101 1100101 1110010 1101001 1100011 1100001 101100 110011 110001 111000 101110 111001 101100 110011 110111 111001 110100 110000 110110 110110
1010101 1110010 1110101 1100111 1110101 1100001 1111001 101100 1010011 1101111 1110101 1110100 1101000 100000 1000001 1101101 1100101 1110010 1101001 1100011 1100001 101100 110011 101110 110011 101100 110110 111000 110000 110011 110111
1010101 1111010 1100010 1100101 1101011 1101001 1110011 1110100 1100001 1101110 101100 1000001 1110011 1101001 1100001 101100 110010 111000 101110 111001 101100 110001 110111 110010 110111 110100 110010
1010110 1100001 1101110 1110101 1100001 1110100 1110101 101100 1000001 1110101 1110011 1110100 1110010 1100001 1101100 1101001 1100001 101111 1001111 1100011 1100101 1100001 1101110 1101001 1100001 101100 101110 110010 110111 101100 110100 110111 110000 110110
1010110 1100101 1101110 1100101 1111010 1110101 1100101 1101100 1100001 101100 1010011 1101111 1110101 1110100 1101000 100000 1000001 1101101 1100101 1110010 1101001 1100011 1100001 101100 110010 111000 101110 111001 101100 110011 110101 110011 111000 110100 110001
1010110 1101001 1100101 1110100 1101110 1100001 1101101 101100 1000001 1110011 1101001 1100001 101100 111001 110011 101110 110100 101100 110001 110010 111000 110101 110010 110111
1011001 1100101 1101101 1100101 1101110 101100 1000001 1110011 1101001 1100001 101100 110010 110110 101110 110001 101100 110010 110000 110011 111000 110100 111001
1011010 1100001 1101101 1100010 1101001 1100001 101100 1000001 1100110 1110010 1101001 1100011 1100001 101100 110001 110100 101110 110111 101100 110010 111001 110000 110101 111000 110111
1011010 1101001 1101101 1100010 1100001 1100010 1110111 1100101 101100 1000001 1100110 1110010 1101001 1100011 1100001 101100 110001 110011 101110 111000 101100 110001 110101 110000 111000 110111 110001
